XXXXXXXXXXXXXXXXXXXXXXXXXXXXXX
X............................X
X.X..XXXXXXXXXXXXXXXXXX......X
X...X........X..........X....X
X.X..........X..........X.X..X
X...XXXXXXXXXXXXXXXXXXX.X.X.XX
X.X.....................X.X.XX
X...XX................X.X.X.XX
X.X..XXXXXXXXXXXXXXXXXX...X.XX
X...XX................X.....XX
X.X..........................X
X...XXXXXXXXXXXXXXXXXXX.X....X
X.X....X............X...X.X..X
X...XXXXXXXXXXXXXXXXXXX.X.X.XX
X.X.....................X.X.XX
X...X.................X.X.X.XX
X.X..XXXXXXXXXXXXXXXXXX...X.XX
X...X.................X.....XX
X.X..........................X
X..X..X.X...XXXXXX.X..X..XXXXX
X..X..X.X........X.X..X......X
X..X..X.XXXXXX...X.X..XXXXX..X
X..X..X.X........X.X..X......X
X..X..X.X...XXXXXX.X..X..XXXXX
X..X..X.X........X.X..X......X
X..X..................XXXXX..X
X..XXXXXXXXXXXXXXXXXXXX......X
X..XXXXXXXXXXXXXXXXXXXX..XXXXX
X...........XX...............X
XXXXXXXXXXXXXXXXXXXXXXXXXXXXXX
39.5981 38.8974 38.2100 37.5367 36.8782 36.2353 35.6090 35.0000 34.4093 33.8378 33.2866 32.7567 32.2491 31.7649 31.3051 30.8708 30.4631 30.0832 29.7321 29.4109 29.1204 28.8617 28.6356 28.4429 28.2843 28.1603 28.0714 28.0179 28.0000 28.0179 
38.8974 38.1838 37.4834 36.7968 36.1248 35.4683 34.8281 34.2053 33.6006 33.0152 32.4500 31.9062 31.3848 30.8870 30.4138 29.9666 29.5466 29.1548 28.7924 28.4605 28.1603 27.8927 27.6587 27.4591 27.2947 27.1662 27.0740 27.0186 27.0001 27.0186 
38.2100 37.4834 36.7696 36.0694 35.3836 34.7131 34.0588 33.4216 32.8025 32.2026 31.6229 31.0646 30.5287 30.0167 29.5296 29.0689 28.6356 28.2312 27.8568 27.5137 27.2030 26.9259 26.6834 26.4765 26.3060 26.1726 26.0769 26.0193 26.0001 26.0193 
37.5367 36.7968 36.0694 35.3553 34.6554 33.9706 33.3017 32.6497 32.0158 31.4008 30.8059 30.2324 29.6816 29.1548 28.6531 28.1780 27.7309 27.3131 26.9259 26.5708 26.2489 25.9616 25.7100 25.4952 25.3181 25.1795 25.0800 25.0201 25.0001 25.0201 
36.8782 36.1248 35.3836 34.6554 33.9411 33.2416 32.5577 31.8906 31.2411 30.6105 30.0000 29.4109 28.8444 28.3020 27.7849 27.2947 26.8329 26.4009 26.0001 25.6321 25.2983 25.0001 24.7387 24.5154 24.3311 24.1868 24.0832 24.0209 24.0000 24.0209 
36.2353 35.4683 34.7131 33.9706 33.2416 32.5270 31.8278 31.1450 30.4795 29.8329 29.2062 28.6007 28.0179 27.4591 26.9259 26.4198 25.9424 25.4952 25.0800 24.6983 24.3517 24.0417 23.7698 23.5372 23.3453 23.1948 23.0868 23.0217 23.0000 23.0217 
35.6090 34.8281 34.0588 33.3017 32.5577 31.8278 31.1128 30.4138 29.7321 29.0689 28.4253 27.8029 27.2030 26.6271 26.0769 25.5540 25.0600 24.5968 24.1661 23.7698 23.4094 23.0868 22.8035 22.5610 22.3607 22.2036 22.0907 22.0227 22.0000 22.0227 
35.0000 34.2053 33.4216 32.6497 31.8906 31.1450 30.4138 29.6985 29.0000 28.3196 27.6587 27.0186 26.4009 25.8071 25.2390 24.6983 24.1868 23.7066 23.2594 22.8473 22.4722 22.1360 21.8404 21.5871 21.3776 21.2133 21.0951 21.0239 21.0001 21.0239 
34.4093 33.6006 32.8025 32.0158 31.2411 30.4795 29.7321 29.0000 28.2843 27.5863 26.9073 26.2489 25.6126 25.0001 24.4132 23.8538 23.3238 22.8254 22.3607 21.9317 21.5407 21.1897 20.8807 20.6156 20.3962 20.2238 20.0998 20.0251 20.0001 20.0251 
33.8378 33.0152 32.2026 31.4008 30.6105 29.8329 29.0689 28.3196 27.5863 26.8701 26.1726 25.4952 24.8396 24.2075 23.6009 23.0217 22.4722 21.9545 21.4710 21.0239 20.6156 20.2485 19.9249 19.6469 19.4165 19.2354 19.1050 19.0263 19.0000 19.0263 
33.2866 32.4500 31.6229 30.8059 30.0000 29.2062 28.4253 27.6587 26.9073 26.1726 25.4560 24.7589 24.0832 23.4308 22.8035 22.2036 21.6333 21.0951 20.5913 20.1247 19.6978 19.3133 18.9737 18.6816 18.4391 18.2483 18.1108 18.0278 18.0000 18.0278 
32.7567 31.9062 31.0646 30.2324 29.4109 28.6007 27.8029 27.0186 26.2489 25.4952 24.7589 24.0417 23.3453 22.6716 22.0227 21.4010 20.8087 20.2485 19.7231 19.2354 18.7883 18.3848 18.0278 17.7200 17.4642 17.2627 17.1172 17.0294 17.0000 17.0294 
32.2491 31.3848 30.5287 29.6816 28.8444 28.0179 27.2030 26.4009 25.6126 24.8396 24.0832 23.3453 22.6274 21.9317 21.2603 20.6156 20.0001 19.4165 18.8680 18.3576 17.8885 17.4642 17.0880 16.7631 16.4924 16.2788 16.1246 16.0313 16.0001 16.0313 
31.7649 30.8870 30.0167 29.1548 28.3020 27.4591 26.6271 25.8071 25.0001 24.2075 23.4308 22.6716 21.9317 21.2133 20.5184 19.8495 19.2094 18.6011 18.0278 17.4929 17.0000 16.5530 16.1555 15.8115 15.5242 15.2971 15.1328 15.0333 15.0000 15.0333 
31.3051 30.4138 29.5296 28.6531 27.7849 26.9259 26.0769 25.2390 24.4132 23.6009 22.8035 22.0227 21.2603 20.5184 19.7991 19.1050 18.4391 17.8045 17.2047 16.6433 16.1246 15.6525 15.2316 14.8661 14.5602 14.3178 14.1421 14.0357 14.0000 14.0357 
30.8708 29.9666 29.0689 28.1780 27.2947 26.4198 25.5540 24.6983 23.8538 23.0217 22.2036 21.4010 20.6156 19.8495 19.1050 18.3848 17.6918 17.0294 16.4012 15.8115 15.2644 14.7648 14.3178 13.9284 13.6015 13.3417 13.1530 13.0385 13.0001 13.0385 
30.4631 29.5466 28.6356 27.7309 26.8329 25.9424 25.0600 24.1868 23.3238 22.4722 21.6333 20.8087 20.0001 19.2094 18.4391 17.6918 16.9706 16.2788 15.6206 15.0000 14.4222 13.8925 13.4164 13.0001 12.6492 12.3694 12.1656 12.0416 12.0000 12.0416 
30.0832 29.1548 28.2312 27.3131 26.4009 25.4952 24.5968 23.7066 22.8254 21.9545 21.0951 20.2485 19.4165 18.6011 17.8045 17.0294 16.2788 15.5564 14.8661 14.2127 13.6015 13.0385 12.5300 12.0831 11.7047 11.4018 11.1803 11.0454 11.0000 11.0454 
29.7321 28.7924 27.8568 26.9259 26.0001 25.0800 24.1661 23.2594 22.3607 21.4710 20.5913 19.7231 18.8680 18.0278 17.2047 16.4012 15.6206 14.8661 14.1421 13.4537 12.8063 12.2066 11.6619 11.1803 10.7704 10.4403 10.1981 10.0499 10.0000 10.0499 
29.4109 28.4605 27.5137 26.5708 25.6321 24.6983 23.7698 22.8473 21.9317 21.0239 20.1247 19.2354 18.3576 17.4929 16.6433 15.8115 15.0000 14.2127 13.4537 12.7280 12.0416 11.4018 10.8167 10.2957  9.8489  9.4868  9.2195  9.0554  9.0000  9.0554 
29.1204 28.1603 27.2030 26.2489 25.2983 24.3517 23.4094 22.4722 21.5407 20.6156 19.6978 18.7883 17.8885 17.0000 16.1246 15.2644 14.4222 13.6015 12.8063 12.0416 11.3137 10.6302 10.0000  9.4340  8.9443  8.5440  8.2462  8.0623  8.0000  8.0623 
28.8617 27.8927 26.9259 25.9616 25.0001 24.0417 23.0868 22.1360 21.1897 20.2485 19.3133 18.3848 17.4642 16.5530 15.6525 14.7648 13.8925 13.0385 12.2066 11.4018 10.6302  9.8995  9.2195  8.6023  8.0623  7.6158  7.2801  7.0711  7.0000  7.0711 
28.6356 27.6587 26.6834 25.7100 24.7387 23.7698 22.8035 21.8404 20.8807 19.9249 18.9737 18.0278 17.0880 16.1555 15.2316 14.3178 13.4164 12.5300 11.6619 10.8167 10.0000  9.2195  8.4853  7.8103  7.2111  6.7082  6.3246  6.0828  6.0000  6.0828 
28.4429 27.4591 26.4765 25.4952 24.5154 23.5372 22.5610 21.5871 20.6156 19.6469 18.6816 17.7200 16.7631 15.8115 14.8661 13.9284 13.0001 12.0831 11.1803 10.2957  9.4340  8.6023  7.8103  7.0711  6.4032  5.8310  5.3852  5.0990  5.0000  5.0990 
28.2843 27.2947 26.3060 25.3181 24.3311 23.3453 22.3607 21.3776 20.3962 19.4165 18.4391 17.4642 16.4924 15.5242 14.5602 13.6015 12.6492 11.7047 10.7704  9.8489  8.9443  8.0623  7.2111  6.4032  5.6569  5.0000  4.4721  4.1231  4.0000  4.1231 
28.1603 27.1662 26.1726 25.1795 24.1868 23.1948 22.2036 21.2133 20.2238 19.2354 18.2483 17.2627 16.2788 15.2971 14.3178 13.3417 12.3694 11.4018 10.4403  9.4868  8.5440  7.6158  6.7082  5.8310  5.0000  4.2426  3.6056  3.1623  3.0000  3.1623 
28.0714 27.0740 26.0769 25.0800 24.0832 23.0868 22.0907 21.0951 20.0998 19.1050 18.1108 17.1172 16.1246 15.1328 14.1421 13.1530 12.1656 11.1803 10.1981  9.2195  8.2462  7.2801  6.3246  5.3852  4.4721  3.6056  2.8284  2.2361  2.0000  2.2361 
28.0179 27.0186 26.0193 25.0201 24.0209 23.0217 22.0227 21.0239 20.0251 19.0263 18.0278 17.0294 16.0313 15.0333 14.0357 13.0385 12.0416 11.0454 10.0499  9.0554  8.0623  7.0711  6.0828  5.0990  4.1231  3.1623  2.2361  1.4142  1.0000  1.4142 
28.0000 27.0001 26.0001 25.0001 24.0000 23.0000 22.0000 21.0001 20.0001 19.0000 18.0000 17.0000 16.0001 15.0000 14.0000 13.0001 12.0000 11.0000 10.0000  9.0000  8.0000  7.0000  6.0000  5.0000  4.0000  3.0000  2.0000  1.0000  0.0000  1.0000 
28.0179 27.0186 26.0193 25.0201 24.0209 23.0217 22.0227 21.0239 20.0251 19.0263 18.0278 17.0294 16.0313 15.0333 14.0357 13.0385 12.0416 11.0454 10.0499  9.0554  8.0623  7.0711  6.0828  5.0990  4.1231  3.1623  2.2361  1.4142  1.0000  1.4142 

